14,4
17,11
17,0
17,2
17,1
17,10
17,9
17,8
17,7
17,6
17,5
4294967279,283
4243767290,0
4294967294,426
4294967278,270
4294967294,919
4294967294,920
4294967294,917
4294967294,915
4294967294,914
4294967294,911
4294967294,965
4294967294,905
4294967294,422
4294967294,1
4294967294,962
4294967279,264
4294967278,269
4294967279,263
4294967279,282
4294967279,262
4294967278,266
4294967279,261
4294967278,265
4294967279,281
4294967278,264
4294967279,258
4294967294,7
4294967279,257
4294967278,262
4294967279,256
4294967278,282
4294967279,255
4294967294,973
4294967294,950
4294967294,81
4294967294,162
4294967294,907
4294967294,68
4294967294,67
4294967294,11
4243767290,3
4243767290,2
4294967294,14
4294967294,20
4294967294,13
4294967294,127
4294967294,126
4294967294,18
4294967294,12
4294967279,15
4294967279,12
4294967279,9
4294967278,281
4294967279,277
4294967278,306
0,5
4294967278,305
4294967278,260
4294967279,260
4294967279,0
4294967294,6
4294967293,131
4294967293,130
4294967293,129
4294967293,128
4294967293,127
4294967293,126
4294967293,125
4294967293,124
4294967293,123
4294967293,122
4294967293,121
4294967293,120
4294967293,119
4294967293,118
4294967293,117
4294967293,116
4294967293,115
4294967293,114
4294967293,113
4294967293,112
4294967293,111
4294967293,110
4294967293,109
4294967293,108
4294967293,107
4294967293,106
4294967293,105
4294967293,104
4294967293,103
4294967293,102
4294967293,101
4294967293,100
4294967293,99
4294967293,98
4294967293,97
4294967293,96
4294967293,95
4294967293,94
4294967293,93
4294967293,92
4294967293,91
4294967293,90
4294967293,89
4294967293,87
4294967293,86
4294967293,85
4294967293,84
4294967293,83
4294967293,82
4294967293,81
4294967293,80
4294967293,79
4294967293,78
4294967293,77
4294967293,76
4294967293,75
4294967293,74
4294967293,73
4294967293,72
4294967293,71
4294967293,70
4294967293,69
4294967293,68
4294967293,67
4294967293,66
4294967293,65
4294967293,64
4294967293,63
4294967293,62
4294967293,61
4294967293,60
4294967293,59
4294967293,58
4294967293,57
4294967293,56
4294967293,55
4294967293,54
4294967293,53
4294967293,52
4294967293,51
4294967293,50
4294967293,49
4294967293,48
4294967293,47
4294967293,46
4294967293,45
4294967293,44
4294967293,43
4294967293,42
4294967293,41
4294967293,40
4294967293,39
4294967293,38
4294967293,37
4294967293,36
4294967293,35
4294967293,34
4294967293,33
4294967293,32
4294967293,31
4294967293,30
4294967293,29
4294967293,28
4294967293,27
4294967293,26
4294967293,25
4294967293,24
4294967293,23
4294967293,22
4294967293,21
4294967293,20
4294967293,19
4294967293,18
4294967293,17
4294967293,16
4294967293,15
4294967293,14
4294967293,13
4294967293,12
4294967293,11
4294967293,10
4294967293,9
4294967293,8
4294967293,7
4294967293,6
4294967293,5
4294967293,4
4294967293,3
4294967279,79
4294967279,78
4294967279,77
4294967279,76
4294967279,75
4294967279,74
4294967279,73
4294967279,72
4294967279,71
4294967279,70
4294967279,69
4294967279,68
4294967279,67
4294967279,66
4294967279,65
4294967279,64
4294967279,63
4294967279,62
4294967279,61
4294967279,60
4294967279,59
4294967279,58
4294967279,57
4294967279,56
4294967279,55
4294967279,54
4294967279,53
4294967279,52
4294967279,51
4294967279,50
4294967279,49
4294967279,48
4294967279,47
4294967279,46
4294967279,45
4294967279,44
4294967279,43
4294967279,42
4294967279,41
4294967279,40
4294967279,39
4294967279,38
4294967279,37
4294967279,36
4294967279,35
4294967279,34
4294967279,33
4294967279,32
4294967279,31
4294967279,30
4294967279,29
4294967279,28
4294967279,27
4294967279,26
4294967279,25
4294967279,24
4294967279,23
4294967278,257
4294967278,304
4294967279,254
4294967278,303
4294967278,256
4294967279,253
27,9
27,0
27,8
27,7
26,142
26,141
26,109
26,100
26,108
26,107
26,105
26,106
26,99
26,140
4294967279,301
26,139
26,104
26,138
26,137
4294967279,300
26,136
26,103
26,102
26,135
26,134
26,101
26,98
26,133
26,132
26,73
26,71
26,97
26,93
26,131
26,96
26,55
26,95
26,31
26,130
26,94
26,53
26,129
26,0
26,83
26,128
26,92
26,19
26,91
26,50
26,90
26,30
26,89
26,20
26,88
26,87
26,46
26,86
26,52
26,85
26,17
26,84
26,47
26,75
26,82
26,45
26,81
26,80
26,48
26,79
26,27
26,78
26,18
26,77
26,76
26,69
26,74
26,28
26,58
26,72
26,56
26,70
26,66
26,68
26,67
26,62
26,65
26,64
26,63
26,59
26,61
26,60
26,49
26,36
26,57
26,35
26,54
26,51
26,42
26,44
26,43
26,39
26,41
26,40
26,32
26,38
26,37
26,22
26,21
26,34
26,33
26,25
26,29
26,26
